000000000000000000000000
000000000000000000000000
000000000000000000000000
000000011111011111000000
000000111111011111100000
000001111111111111110000
000001111111111111110000
000001111111111111110000
000001111111111111110000
000001111111111111110000
000001111111111111110000
000001111111111111110000
000001111111111111110000
000000111111111111100000
000000011111111111000000
000000011111111111000000
000000001111111110000000
000000000011111000000000
000000000001110000000000
000000000000100000000000
000000000000000000000000
000000000000000000000000
000000000000000000000000
000000000000000000000000
