111000000000000000000111
111100000000000000001111
111110000000000000011111
011111000000000000111110
001111100000000001111100
000111110000000011111000
000011111000000111110000
000001111100001111100000
000000111110011111000000
000000011111111110000000
000000001111111100000000
000000000111111000000000
000000000111111000000000
000000001111111100000000
000000011111111110000000
000000111110011111000000
000001111100001111100000
000011111000000111110000
000111110000000011111000
001111100000000001111100
011111000000000000111110
111110000000000000011111
111100000000000000001111
111000000000000000000111
