000000000000000000000000
000000000000000000000000
000000000000000000000000
000000000000000000000000
000000000000100000000000
000000000111111100000000
000000011111111111000000
000000111111111111100000
000000111111111111100000
000001111111111111110000
000001111111111111110000
000001111111111111110000
000011111111111111111000
000001111111111111110000
000001111111111111110000
000001111111111111110000
000000111111111111100000
000000111111111111100000
000000011111111111000000
000000000111111100000000
000000000000100000000000
000000000000000000000000
000000000000000000000000
000000000000000000000000
